50
96 29 81 94
38 1 73 60
28 65 29 15
76 79 56 83
60 65 1 69
88 2 6 72
44 7 71 62
85 50 60 42
55 34 81 12
23 87 22 44
50 51 96 14
22 77 23 33
3 10 84 43
76 89 24 17
63 26 2 35
63 10 49 74
41 92 1 56
73 72 68 96
25 21 8 42
50 96 92 93
98 43 79 87
42 70 80 37
41 49 42 45
68 49 93 88
75 8 49 75
28 39 95 19
59 38 74 35
94 75 60 19
22 50 89 87
41 65 7 30
53 2 79 83
36 65 55 11
22 44 56 88
29 48 86 38
67 94 30 69
89 66 62 82
33 75 7 65
29 42 80 14
90 43 58 42
36 34 76 32
100 26 43 89
78 8 37 29
81 10 63 87
3 2 7 79
5 88 85 46
93 82 80 90
62 55 51 18
98 6 35 19
7 42 58 100
80 38 54 56
